72457.866,52558.115,-23067.89,91320.698
-6188.447,38493.894,-4050.55,65495.976
53301.937,37691.386,39279.686,79698.57
-27482.072,48227.497,-8092.987,81098.434
69672.191,82792.288,1868.596,80389.736
35303.898,74571.117,-43289.646,82958.563
58581.103,51990.18,-24234.243,79178.312
103692.201,57691.826,16402.902,87211.597
58180.766,92744.742,-218.574,80937.935
-12310.891,57923.781,-2204.727,50342.968
65959.242,51472.811,20306.191,59600.977
38729.685,45163.613,-25438.376,67357.722
-51465.098,46224.788,2585.229,96405.955
101437.156,63324.402,16622.469,87633.244
30683.246,55182.304,-54917.472,78771.498
32403.818,103359.43,-15572.861,81130.068
57351.608,49751.235,18970.712,51379.406
50170.144,42261.231,20458.915,53176.294
-63008.859,60748.433,7727.732,91221.308
32060.575,41099.91,-29858.673,69172.41
75541.246,39703.921,-875.177,85065.611
32429.653,22847.39,-33763.968,91699.267
35239.857,51764.148,21956.568,93969.342
87533.899,52142.107,3057.965,80687.253
25435.667,32057.603,-10438.731,52169.824
-44264.683,57537.594,10760.534,69717.511
35966.673,53307.755,72460.94,79928.176
26954.608,34368.284,15184.643,80573.78
65139.033,45468.423,5139.328,62884.644
57303.279,62244.903,-1261.399,50603.45
50773.209,43248.914,-14145.358,70022.754
44665.811,52292.173,-47966.879,88693.722
55416.319,45808.507,-352.542,58313.467
71133.946,48268.321,-8507.395,79726.298
14917.901,34314.606,-50336.039,94854.854
39530.626,28116.978,4114.014,55652.662
57083.41,85416.782,1707.967,70586.091
-41979.249,53057.707,6645.541,76026.872
76275.307,50350.177,17176.248,67909.994
33505.373,55253.836,-57008.06,83612.966
49218.702,54637.411,68928.216,88318.361
44140.944,64379.741,-15842.432,54157.098
53422.867,68397.097,-39005.019,90618.843
45517.628,68923.103,-9507.984,53742.748
26093.867,55101.761,4390.471,96437.643
31185.315,6454.106,-6033.777,79118.279
53817.268,13495.476,22744.068,87874.183
43938.119,51799.476,14438.678,59459.757
39552.747,13944.441,45509.208,95925.835
24866.532,35938.1,-27342.343,64623.975
60027.773,73528.633,-448.469,63798.733
50426.054,42897.365,52157.335,84494.792
48120.39,14212.132,31444.803,90161.724
34073.95,57480.505,34659.331,96820.946
201993.77,81088.487,13636.611,72638.844
100907.336,53556.743,10655.019,85048.82
-8246.093,52489.119,32180.453,58143.66
58544.206,48227.874,8195.84,50473.586
-9737.979,-116059.621,6353.155,63974.496
64434.303,77304.094,6198.092,65334.145
-12057.725,33657.298,4030.526,68120.771
14295.992,56862.741,-5552.415,97576.956
208094.047,53189.649,-11889.505,97295.632
14661.335,100850.913,4773.709,56607.564
20228.984,42776.213,-26671.785,57417.484
49501.87,20765.317,4872.913,72216.833
24172.26,52895.497,32638.114,59321.387
102879.958,49078.698,7988.109,94166.289
46046.608,47680.77,10673.51,68287.491
67767.705,46985.021,1772.144,67363.636
79163.524,66754.008,3028.59,72682.838
32945.931,21355.337,-132.807,60076.86
102387.035,49613.999,6778.24,94347.92
73068.612,44741.544,17954.29,71089.679
62685.502,43674.372,-25591.435,92955.715
10499.673,49097.328,-18153.979,52307.987
25539.834,15564.242,-515.941,58844.852
40312.804,17876.611,26282.702,73527.429
-29685.733,44624.648,-428.728,79240.937
7517.538,7386.66,6999.888,71846.784
112743.335,54497.571,15122.882,98177.138
-9726.902,47280.404,3240.86,52956.805
64274.749,80076.907,-16877.143,91022.663
87890.986,41273.965,9984.242,84986.021
94000.509,51003.748,28732.869,96538.009
34392.075,44493.36,-47957.552,86209.312
41216.401,39754.563,50555.684,76825.864
39052.945,121163.501,3421.708,86588.579
11086.692,56430.775,-8172.312,78414.345
23811.602,20092.916,-8192.819,60264.554
62875.102,77027.807,10297.498,59399.265
28872.474,20582.727,-32819.898,89462.673
27955.742,23515.76,-25572.734,78365.763
-40085.64,50920.143,-1284.352,84200.737
74367.949,33009.391,15216.901,81383.782
27830.259,52292.846,-45684.282,69574.978
80396.43,55338.195,36946.462,86813.032
21400.66,52492.327,-32924.177,52782.119
25011.267,95067.606,29924.563,56252.645
71602.867,22834.241,12951.611,86528.836
54867.932,49514.841,-1961.191,55668.076
38004.219,83740.612,46329.147,74323.836
57250.213,50558.028,32601.587,64102.091
26545.08,51950.432,2698.397,51708.613
-35395.165,56770.96,4217.016,68158.282
-12375.334,19041.787,14636.248,78175.955
64115.285,35108.646,-20189.08,97548.843
-37676.921,60938.103,-6659.635,80466.454
62235.882,15121.79,6057.179,89410.083
71967.737,52275.559,-2199.462,70244.859
101381.654,54985.702,-2234.408,96983.522
-27966.105,40378.636,-2593.828,83932.482
51896.362,16988.866,27043.954,86759.808
45256.413,67874.552,48404.082,67784.446
-8465.547,50966.087,24575.92,52281.684
-37026.979,39877.655,499.354,90401.15
40366.99,25902.835,-8294.646,71111.865
43948.059,56702.69,-15578.411,51176.818
20455.718,33811.047,-37434.278,76918.685
24579.124,17411.45,27858.896,59835.352
24314.633,38446.812,67578.344,78254.907
43133.224,-65035.318,-53495.155,96524.818
88433.531,41681.691,-3574.796,98680.001
33263.525,51997.752,75237.957,81312.351
62528.357,35116.914,10646.438,65118.045
96740.201,39403.34,15703.315,97848.51
50502.79,35892.888,-15603.285,78566.215
19510.473,54980.685,4701.324,61412.056
58437.277,76064.595,30259.085,71010.288
-2356.266,113894.059,1137.175,90304.896
81916.889,45049.97,13469.089,75144.372
77177.878,37268.326,-2568.943,90831.637
58666.505,43396.198,-6972.592,70595.979
34770.096,3068.699,-17731.918,97786.425
31553.985,56246.643,6938.772,95265.508
-18170.882,50679.821,7468.904,53773.15
-14141.919,38103.169,35183.322,81428.242
66517.228,56565.15,48917.419,83677.815
60784.368,82238.486,1700.043,71116.666
19192.331,31925.316,-38076.125,80709.53
61376.434,47036.073,380.616,62312.983
81888.666,50735.114,35017.687,90979.561
61341.371,31060.094,-6681.749,85316.616
62937.256,41854.162,41383.068,87274.558
32914.655,21055.124,-32816.357,93029.04
50995.058,30451.514,4652.666,64243.94
44385.117,87527.373,-2675.587,64381.919
-27568.507,73285.07,1841.065,74204.256
52795.056,58138.161,9428.893,91427.102
50778.358,42077.897,59281.369,92790.216
65281.022,47936.923,10774.319,54922.824
-14049.315,15966.544,9402.843,82431.085
70500.152,54472.092,36824.39,77660.91
58020.184,43531.199,-981.888,63823.911
34939.776,89151.34,-12746.828,66631.803
3497.005,73555.723,-15847.599,61098.064
42120.329,52199.314,18209.852,73327.875
34642.934,-436.483,-1295.405,84727.852
66396.083,88930.037,3649.584,81470.412
61422.456,31411.968,23242.396,78061.254
212856.031,54163.58,-15289.835,82471.164
78659.524,86069.724,5915.884,88607.212
76274.014,60897.414,-1157.724,68123.076
70793.931,51630.46,53188.649,97160.609
-42336.069,58086.76,8418.625,69581.81
33621.598,55009.226,-44383.134,71348.633
17824.639,37748.72,19936.721,67101.024
63416.981,35563.567,-17886.262,94092.888
65559.173,54946.308,35133.693,70554.883
348.661,50633.473,-37317.346,80086.099
26564.026,33826.98,-45901.743,86992.323
63232.012,37433.11,2615.405,71536.529
41587.976,54554.065,14992.321,52991.632
39425.478,58244.811,9113.928,79196.929
76232.713,62192.652,3487.934,64731.285
55494.563,28476.961,-3688.079,79058.978
70650.276,75982.091,-1966.64,78392.951
37802.676,97202.108,-2878.512,67677.164
97793.402,55109.899,7392.032,83644.549
6822.716,46608.633,-56434.939,96755.119
54242.572,46284.327,-37520.954,93832.238
13713.562,56065.935,-36254.466,60225.935
72622.494,48276.355,31513.399,80667.909
96454.071,46703.088,9552.854,88551.202
14548.1,25370.179,-20372.951,74205.542
46357.948,37775.52,-38959.194,95894.921
-9430.912,75600.622,-37745.245,97968.467
67162.922,89855.226,4223.505,82588.548
55432.229,43623.959,-23578.495,83739.819
25081.383,498.164,-1841.848,74778.238
111854.335,55664.894,14538.597,95536.535
-30335.67,48707.887,-18468.841,93847.585
53655.526,26493.786,-14186.389,89701.61
-4394.628,13757.968,25446.824,86289.654
59285.735,34418.211,-20425.446,93646.011
59246.201,26327.688,32992.048,90718.902
52099.267,91240.513,-7834.41,80968.102
24887.122,-7306.231,10193.179,70353.269
5125.7,40264.745,38857.559,63673.402
-10098.601,43543.848,9203.314,51102.384
39781.527,37787.925,41295.557,68098.068
-29739.62,50879.572,9740.483,62870.499
49023.966,53909.878,-47492.881,90960.148
64178.324,39748.236,-8370.213,81153.401
67683.337,65066.247,1199.641,61343.977
-2971.496,-1115.865,20338.725,94632.277
30779.268,73371.868,-56142.758,90087.762
57094.906,45480.173,5942.562,54025.255
63261.436,55157.295,31258.61,64171.07
33223.314,43279.842,9261.932,55537.052
80408.14,63197.941,-8725.8,82125.997
31320.92,26673.387,-1271.056,54271.9
67925.67,54568.841,1419.428,60290.514
21193.148,7066.518,-33056.027,98547.521
-8612.793,51987.013,30941.638,57773.752
3963.792,114747.069,20701.495,83131.86
27899.299,35390.153,-14036.629,54898.857
60328.37,45748.96,22412.68,61800.716
65503.184,41688.826,-934.532,73102.591
40253.451,63295.09,4922.655,88339.681
60064.096,63515.049,1977.4,51395.586
35113.184,20643.055,5476.012,57347.184
63435.513,47051.06,2243.867,62493.772
64572.761,61809.765,-8277.661,64454.244
56500.351,52713.095,-30544.78,82685.092
50304.326,68265.101,-13577.062,61940.361
-18229.236,51269.713,20741.847,57907.82
60436.851,26210.772,10661.152,71917.98
83805.266,52883.957,38393.571,94123.209
66388.525,43974.334,-12574.174,83341.398
79643.572,50674.452,30928.477,84705.932
83638.304,57850.818,-19674.302,93815.322
21336.736,70352.478,-57595.971,81803.436
67958.263,52485.466,-758.935,64584.772
68373.612,15277.183,9256.354,92193.113
99562.202,57814.647,29974.375,96530.48
-37570.928,53184.654,8803.077,69334.29
64873.184,51701.579,8864.615,52660.026
37707.308,54884.231,27836.595,91541.862
29591.582,21028.581,4472.468,52443.571
27905.49,-18561.38,7801.338,87018.638
78758.375,45451.55,-13975.01,95634.986
36832.402,72431.305,-32455.826,71513.412
86609.362,46093.521,7418.829,81450.157
51301.387,43755.407,2898.635,53000.396
47298.259,58202.482,9735.905,82985.042
63660.869,54467.505,-36447.623,93994.082
38008.449,-3123.377,-3117.563,92602.425
-50217.864,52895.349,21120.478,88649.175
52601.999,45124.12,28330.183,60616.786
24366.03,111004.428,-28468.984,93633.386
81715.377,60339.699,8875.003,62973.936
17719.179,93048.871,-33835.138,84356.93
46322.647,-572.612,18155.684,89859.261
41260.397,130335.471,3167.418,98222.425
2386.107,24091.414,-19304.497,86577.856
19184.914,104562.629,-19523.99,80093.397
32894.822,52354.998,6252.146,77412.754
81737.745,41735.702,19060.833,83871.23
109580.246,64747.02,10115.125,94006.003
104540.112,61324.42,8702.576,86955.859
95081.142,36786.864,9235.874,97411.46
48440.93,24479.804,7873.418,64440.747
50499.698,43250.575,-11263.429,66865.614
48444.388,38407.396,39843.519,74688.91
58737.183,29912.701,-7239.275,84416.857
61086.736,33025.21,3804.999,72609.613
53896.393,2375.959,8127.553,91745.983
31474.388,48511.383,-29187.376,60503.474
44695.372,84133.137,-31432.491,90054.873
28056.077,48448.092,-66278.074,94239.178
56736.369,63249.908,23905.416,50140.875
39124.924,20211.311,4362.064,62904.613
32215.561,45700.579,5269.222,83464.094
67203.516,54515.404,9542.889,51498.381
37375.768,39154.589,-27161.423,73736.31
138649.435,-9303.195,-3000.09,77222.242
44582.845,55899.761,-15429.249,52465.456
5180.501,54456.106,-292.982,81686.469
79509.404,50744.813,5777.788,71340.024
28736.129,41424.034,2273.013,88978.42
41837.598,104354.892,6440.859,69545.602
18712.638,51169.698,1447.993,81099.791
55690.222,35451.363,8558.655,60033.524
32145.637,23669.366,-30373.963,87203.457
66060.944,40625.797,-24881.748,98670.039
11743.14,39321.014,37821.725,56964.654
112258.268,51880.899,9785.086,98945.315
-21500.79,55402.044,-4332.523,64182.155
84914.524,45522.697,-6705.745,94451.049
113188.721,57147.325,9268.326,95126.392
23805.337,-16102.186,10396.96,77863.616
55475.774,38718.506,-384.904,65495.275
24372.431,52667.997,3476.142,89066.978
71150.721,65032.756,10386.445,55590.931
33145.081,93679.876,6735.734,49883.192
62237.403,6576.279,7990.95,96023.219
56733.464,54806.973,-6599.477,56879.015
45461.076,27695.114,1906.939,64212.055
13175.421,41232.519,-58455.117,97798.052
92402.978,68101.729,21728.902,88482.743
66727.751,41339.927,24338.997,74535.209
31834.499,55565.007,-27588.17,52210.692
4178.37,35514.003,-195.097,54253.647
55054.021,45631.813,-6671.633,64446.962
58773.022,46529.213,-20565.522,81162.422
48167.197,8781.486,-9936.534,97675.273
47083.951,31415.899,1878.019,62143.128
69572.256,47459.214,2764.828,67701.268
18426.362,50430.331,13109.409,52291.681
51903.033,29467.6,19489.722,66733.479
-31967.768,32148.5,23588.162,93613.597
9585.121,26313.057,23311.339,57619.631
95555.054,55878.082,13148.22,77633.52
-15910.689,55635.729,3737.695,50288.135
72501.333,51838.233,30715.711,76187.137
29127.888,18931.029,-9163.225,67713.124
17567.064,17100.583,1223.882,57859.568
-223.045,26259.396,-13653.027,81367.563
31642.728,-2471.45,33833.901,92756.398
48011.527,29033.42,-17080.718,84412.169
31186.665,112222.487,-3120.364,76323.362
42560.496,20113.242,20376.129,67631.838
85387.902,68825.371,-8915.908,92923.192
47146.974,14533.971,-11579.946,92546.34
28498.915,32686.418,-39327.706,83493.283
46901.063,109368.404,5666.389,80397.012
169912.331,50668.282,-40469.58,82791.247
1698.118,57003.675,-29371.685,64420.818
81252.506,61288.518,25480.054,74270.749
57494.415,43208.316,40715.693,79810.138
46797.968,35031.04,-4756.538,64876.711
23995.592,66268.436,6713.776,96256.41
41461.545,32606.86,-7969.683,65177.499
43346.901,55610.522,17746.14,60426.728
36730.72,40318.573,31954.679,53175.168
79894.636,57566.508,1611.435,69069.764
60842.055,27048.062,-12976.914,95124.098
75541.7,53213.229,10435.541,60246.307
52174.629,41733.616,7285.429,51509.459
42605.484,52350.031,-52456.673,91065.27
76219.331,50834.847,16192.734,66385.571
82395.838,75664.559,3742.869,84111.401
7720.487,28068.257,-31375.87,89338.163
-20438.596,45586.934,37520.45,82578.285
231972.782,55701.921,3252.141,70122.656
-28941.587,35112.744,2380.578,85199.498
90916.008,55047.895,5054.199,79167.107
60018.775,56196.879,-1196.743,53371.757
10963.282,6477.513,4141.306,72168.92
160876.016,115785.778,35700.569,77129.54
31873.619,44335.754,-38779.119,74670.084
48595.022,21915.766,3240.95,71791.344
50884.793,65229.834,-7714.408,53623.043
-12446.905,66893.126,-13336.349,67868.112
53061.645,13477.851,5839.28,82097.581
36708.618,45535.438,-29705.887,69232.104
56029.291,29785.057,-23786.722,98384.258
36029.699,11867.395,-2984.103,75499.497
23885.958,19413.136,1449.168,51376.825
80841.293,55360.914,-7164.717,80998.196
24082.734,-24609.731,-970.702,98016.201
30275.53,73934.101,-16071.672,50075.144
67833.889,55321.059,19464.592,56785.76
-33775.979,45378.805,8829.526,73318.54
61062.403,46094.088,6318.115,57003.276
61758.972,33941.153,25123.428,77749.575
44840.892,83682.748,-8594.404,66911.944
41033.936,128901.753,5706.038,94023.635
41595.767,132357.423,5161.1,98585.931
63745.099,50764.523,-11304.258,72638.173
44253.127,65670.498,-9995.595,49713.099
39049.763,74937.827,-13748.543,57530.006
96829.897,40275.677,13758.066,95120.684
52665.162,29187.148,8609.573,63221.534
67599.838,55348.445,2342.525,58261.918
87447.268,90249.18,8254.68,99235.646
42176.183,87532.409,-21477.577,80980.014
-40478.972,68078.732,8899.462,74850.232
28932.291,6271.88,740.052,70273.563
32234.109,23508.525,-28175.195,85253.811
-6507.392,42157.771,-34524.824,92625.382
-30681.526,22557.906,19259.019,97588.799
35572.83,36122.867,-10960.934,58763.981
67506.176,56175.192,3844.594,55839.587
70569.091,67486.266,-8105.987,75955.21
68081.263,41174.674,-2104.178,77363.853
53357.087,9250.069,18370.726,87286.149
89789.221,48551.652,-9233.031,98823.667
27795.013,34225.612,-8901.386,50823.862
11553.212,3303.458,-19495.656,98389.856
57806.501,26156.019,-17071.587,97075.233
67635.535,69106.94,7911.237,58625.086
-6697.772,72784.398,4971.767,49702.091
104909.325,57215.12,4960.962,91086.319
62901.622,68636.352,-11934.277,73266.128
-22346.365,58165.511,17633.876,52020.907
65800.848,55940.019,-17095.673,75309.605
55543.206,97767.48,4468.102,78636.426
28311.852,14778.886,230.877,61655.12
-2016.951,39191.288,38044.894,71076.727
75823.821,47293.848,38999.689,92338.047
-9464.618,23314.294,-1486.122,81387.319
30788.036,27358.623,-12424.135,64206.959
24837.17,-7325.43,-9045.892,89561.83
79147.304,49499.965,5011.74,72988.629
45828.019,47586.448,51125.351,74175.302
51779.899,34435.234,5125.325,60572.443
34229.607,-31222.018,117045.899,82779.468
58760.514,56438.807,-17232.712,67907.464
-36900.224,52033.183,8259.077,70358.982
58798.806,44089.322,10533.418,52529.264
100929.751,57229.498,8106.909,83946.485
-443.724,66139.76,-27248.303,69023.498
39605.338,58252.827,14517.44,64407.299
-337.806,58006.501,3992.43,77023.497
72430.479,56254.626,10778.251,53750.633
39764.812,53776.243,-36389.796,70731.743
-49134.461,51083.334,-581.881,92384.078
-63584.735,55175.386,9166.226,92994.273
52567.341,20437.254,28704.874,85643.284
-42451.385,57981.718,7932.871,70287.676
56596.261,47603.841,-13222.579,70568.078
33080.528,19228.219,14665.14,53326.138
111701.341,54446.319,9544.976,96063.149
41733.983,57919.092,8635.358,98910.101
58005.841,48266.889,-26549.412,84641.517
57537.114,45863.886,2367.353,57658.913
77651.785,41943.061,7549.125,76512.691
34630.398,54206.516,5273.177,77582.367
71151.938,51703.682,5278.562,62522.763
23839.274,57805.844,807.436,76031.567
59515.965,84619.498,4483.662,69445.751
11280.649,35272.769,-33427.446,80625.14
29286.906,33642.62,-29979.548,73976.944
70642.802,35264.024,5624.561,78107.337
99698.09,57710.168,5848.71,84492.336
33229.27,22742.618,-31538.385,90378.078
54680.736,27477.611,-1418.133,76974.308
58841.171,43182.12,-7577.027,71589.382
43275.931,97103.502,25261.954,71890.712
55598.885,35112.815,39939.41,85233.799
54332.834,71521.001,48911.488,81014.477
86507.827,55592.835,8752.387,70516.035
61784.854,55106.356,-29909.373,84940.986
-1964.364,56000.793,-31274.337,70989.148
-4457.462,29835.03,-9792.351,78165.901
32202.135,11147.46,-17656.305,87064.009
-9086.912,9903.334,-105798.965,57519.455
27639.836,6158.614,1574.271,68259.984
63129.782,53314.014,-17266.03,75434.85
-11483.374,26182.796,8563.507,70487.966
73194.913,60278.575,14051.215,53773.879
50135.528,108453.621,-5176.086,93559.123
28593.586,39181.149,68697.334,82918.215
47344.584,23914.302,9419.841,62363.972
46206.369,56233.642,9154.827,67961.681
58545.422,7159.007,5681.909,94057.535
35279.391,31707.46,28552.726,56933.201
62252.023,53390.337,4100.394,53114.427
85992.441,55015.872,22904.657,78689.614
38843.521,11043.818,4615.165,71537.585
-43924.953,54248.267,-2816.741,86244.33
-2737.593,49595.652,-5228.372,52121.194
48058.238,42129.216,-29624.854,83906.962
68882.072,52438.447,1201.103,63595.876
29351.507,16604.898,25790.385,63345.554
71956.362,64278.405,10186.644,55841.964
61277.863,55673.004,-39828.619,93786.701
94673.337,51821.335,-414.424,91619.466
-36979.698,52248.795,-19760.164,98241.949
47017.63,27777.944,10116.498,57476.381
40180.941,62863.431,-62456.201,95294.685
-15840.414,43109.37,13223.156,56160.693
29296.992,48343.165,-22653.681,51960.738
95363.237,57572.689,1696.28,84447.384
31799.84,20221.393,-12872.846,72804.833
66706.617,61065.279,5435.763,52129.974
33171.332,48702.12,-37926.646,70748.951
51562.612,70042.451,1318.966,50080.047
50739.858,76395.918,-13284.171,70213.941
31674.141,43290.415,5958.784,57342.217
103284.832,61780.933,583.183,94276.457
31235.722,21071.958,45342.907,80315.141
-18216.504,44517.627,-21861.488,89311.324
23866.57,103444.068,-1721.354,58826.173
56858.75,27878.836,-1330.787,78663.955
38531.523,11356.315,44417.62,96401.206
91983.392,57358.098,478.5,82499.882
27103.416,20330.137,-39894.401,95020.906
47887.94,10724.937,-5260.515,90776.589
50806.812,56472.302,10340.44,65841.766
48804.41,26682.95,8403.934,62070.592
37123.673,49196.956,-18939.643,55219.394
-1844.462,51584.148,-6598.076,50609.495
42336.945,51530.929,-26505.639,65664.695
-52733.37,77270.088,13919.127,95569.57
43834.602,64726.619,-58114.69,96469.822
46718.117,49364.749,-48096.52,93802.916
24950.991,55564.026,-1069.501,82733.101
28561.85,78971.359,-29529.126,66856.278
51743.378,39197.735,-2822.7,63721.484
28215.295,54845.23,66455.928,64634.327
38812.953,39435.123,44305.858,68492.068
55871.209,73589.305,26404.65,62114.301
64615.123,49026.392,-8391.321,72333.14
26034.759,29519.709,57718.777,79042.275
33809.84,23436.933,32521.592,67703.456
25553.629,32694.934,-30085.377,71297.474
11865.714,52880.301,-38602.554,67607.41
-13003.547,17626.43,1862.489,87265.714
76329.281,55214.216,-9907.753,79375.846
82964.216,66003.433,928.874,77832.64
-6074.87,106818.157,-1529.762,89614.578
4792.668,49948.271,-21789.628,60799.573
90577.795,52885.493,8501.887,77543.485
32648.416,50324.937,-28122.539,58799.131
100496.634,60890.539,1204.188,89977.118
54413.928,48725.517,-12662.226,66703.671
61529.77,50569.022,-9790.427,69104.209
64235.186,50134.825,16587.978,55496.704
81352.453,46926.318,14005.68,73240.138
65204.061,25384.92,9123.816,79048.769
-33627.683,47637.171,-16319.777,96061.284
51352.538,96333.324,32088.724,86023.804
69900.671,55548.136,5123.54,57582.318
70283.314,68684.712,-30543.765,99305.649
19709.543,66222.305,-38745.402,60449.849
533.747,53917.42,39670.133,55425.265
32627.57,41787.82,-47224.697,86417.482
16650.658,18654.409,1639.74,56806.119
-18514.156,42561.655,-5291.678,74995.299
7995.998,-6442.969,7127.466,85070.38
28182.863,52715.688,2373.514,54216.435
81317.935,44157.731,-13416.734,98930.085
27652.2,27957.791,-37468.241,85515.678
-27514.774,52663.662,7029.535,61572.551
32619.739,42722.808,-12493.138,50743.108
-54957.25,51858.424,25915.109,99220.309
68678.571,83153.045,-6038.114,87664.007
25350.074,18065.997,-39678.392,95316.043
78475.106,57701.573,14204.999,59786.859
52365.877,35796.301,5363.705,59558.925
88376.156,43993.955,-6027.545,98762.82
55728.929,39035.802,4932.018,60114.183
66251.432,43516.237,-9901.215,80989.44
54500.486,48771.468,39031.024,69568.362
89039.978,51645.148,30559.408,92762.595
87785.148,60428.001,13291.222,67753.511
3861.801,60725.189,5750.651,90961.926
16285.26,53820.935,10598.801,54557.969
74874.101,48811.673,-5213.413,79628.88
41418.268,27340.057,60.011,62371.316
35691.604,4083.542,-4719.069,84680.159
13314.685,54304.337,-27994.668,54126.845
71724.293,41349.502,-17700.824,96428.654
109306.642,54058.677,5935.862,97665.272
34110.509,74918.292,6985.625,63187.582
56159.252,23910.803,-15441.132,96042.614
81165.21,62290.598,-11717.459,84967.194
78567.423,62949.907,14167.96,61934.704
15163.064,-357.057,43608.203,99008.441
37900.84,10998.087,16112.188,67823.626
29214.369,52892.077,-56364.114,81039.462
30821.343,19404.014,-4580.971,64351.383
34818.961,20391.816,-5721.543,68501.765
-13716.526,35824.267,-7112.173,78755.325
53212.626,32088.093,5165.944,64311.83
29616.708,4942.307,-919.222,73946.709
94887.304,53115.764,5955.903,84168.862
54973.918,62168.04,-11537.516,58473.441
83782.835,51685.215,-12556.543,93007.231
-17229.246,69613.901,1250.116,60784.74
48756.303,27381.351,-1398.331,71126.595
53383.238,35127.54,13886.215,56950.277
78074.648,28433.598,-76.59,98070.847
66880.513,86237.001,2018.487,80893.729
50338.541,42290.646,-7719.709,64120.707
114299.113,55915.303,10038.27,96698.706
48795.621,61478.212,-25810.261,65878.571
65581.957,45939.082,-8918.597,76914.563
34934.776,282.504,-7614.008,90619.389
54615.38,12284.635,531.517,90152.308
37063.387,57717.76,10168.637,70184.31
31314.482,12846.041,5138.744,61682.773
60878.596,49982.718,-6461.781,65711.416
101777.422,51463.663,9322.448,89344.462
68977.758,56179.046,-1114.334,62266.208
57781.202,37796.14,-17582.514,85920.7
-1353.319,65217.116,57484.859,75702.268
34539.906,23556.325,-3760.462,63097.241
25668.553,53337.499,-30797.055,51481.157
28257.672,73608.681,57247.64,65363.668
63639.857,54920.473,3550.111,53522.351
32076.843,52815.613,5380.331,51322.817
73065.73,98209.905,8517.212,92552.263
48155.324,45626.749,-36359.96,87241.697
17335.332,58147.942,40774.129,93833.01
72520.947,36721.355,-4559.679,88712.37
23784.252,31937.208,47651.318,64306.777
-12348.003,52919.904,2146.46,51032.847
78553.648,66910.409,22094.342,73807.532
32339.224,48047.245,5072.196,70663.959
49123.853,57837.85,-19927.584,59566.67
33742.797,57570.638,-34715.774,59240.984
27743.46,49658.25,-23757.58,50195.923
27969.372,44039.374,16343.76,90557.927
76864.878,50789.845,2653.881,71774.21
71255.242,51636.211,7338.529,60633.62
1473.702,112278.14,-7521.595,93518.231
-25255.546,44255.569,4956.584,69794.289
35825.198,47934.419,-28497.291,64741.269
71931.48,52216.398,5115.588,62952.595
55154.109,44613.194,3032.008,55861.937
11211.338,32338.318,-32735.749,82936.968
76148.368,57369.34,9496.134,57636.097
65064.206,62043.841,6556.032,50345.869
73757.488,49300.775,1892.044,70918.217
45452.316,36613.413,36769.9,70417.122
37363.725,92054.98,-18427.851,77640.482
-2803.902,18529.139,-8291.362,86317.073
43571.04,42802.641,32010.335,57587.167
-32322.603,57851.211,8678.554,59543.761
37784.352,100316.41,697.915,67196.963
-34048.052,45419.691,2908.096,79471.157
-497.084,96770.919,22154.748,71069.919
48677.807,3772.321,7809.932,85448.83
-19109.244,68114.35,-4595.015,67010.356
5468.142,28464.436,8750.069,51068.347
42006.282,28831.558,-23429.967,84957.729
13385.735,33216.123,-31928.732,79077.749
-16361.738,33914.341,7020.588,69177.842
18061.96,10620.803,-15420.072,80488.334
2488.191,28830.901,-16630.245,79062.536
91034.691,56210.656,10534.86,72642.451
52157.196,38513.063,7713.289,54283.891
28987.39,25402.193,-1308.974,53247.313
32814.075,48603.848,7243.472,88765.582
-148962.38,51025.661,-7958.678,74800.021
65434.64,82633.228,-3430.619,81292.371
80929.064,52844.414,-19661.964,96099.65
75238.608,56848.609,34154.502,77352.832
46655.576,33789.56,-20854.653,82073.825
25242.383,80969.084,-53557.235,89562.708
28952.36,39815.145,-29687.295,67177.669
53326.635,60311.131,-6940.613,50372.246
-25124.257,14320.185,16673.154,97683.39
109927.737,58024.333,8486.665,91770.002
46829.995,28052.299,-7686.577,74817.5
57430.924,34350.767,5502.827,65930.619
35782.733,39679.387,33667.164,54579.088
34581.114,68943.815,-48174.758,81493.617
42884.208,50127.136,56111.984,73677.382
-29974.33,67244.12,-6030.587,78440.762
42338.58,14767.847,8709.824,67214.037
50355.637,82825.966,5874.043,57101.501
52248.384,22690.398,679.005,77232.313
33916.334,36575.625,-5347.85,51041.602
96153.681,57493.434,13732.441,77201.072
30578.264,85054.657,-48609.785,94036.646
54690.866,37261.119,-5352.227,71135.004
73213.598,40673.883,-809.366,81702.115
37263.234,13064.23,-883.804,73435.836
79496.411,41777.895,-10670.38,96741.938
14592.862,63935.572,-42629.14,67164.068
93658.058,55360.735,-2358.657,89009.238
1846.371,20510.191,-25437.055,96831.369
32148.262,62461.868,17075.146,58042.855
-28983.172,52143.9,37089.12,84134.661
53786.118,57709.964,-5538.577,49967.879
58808.435,49508.97,4932.189,52720.336
-6642.32,40127.533,9315.542,50950.118
56291.035,63601.362,-5724.64,55410.877
69729.511,32634.28,-3698.434,89146.71
62233.249,51190.119,-11823.018,71219.226
-21551.493,79955.927,-766.795,77466.017
79525.076,62458.827,8603.405,63174.679
73110.084,58175.949,-34145.56,97432.728
24954.274,79616.675,62401.46,73221.687
67611.177,45996.4,30631.278,77054.817
25793.68,85468.762,-30218.661,71275.016
55191.638,12876.036,8461.19,82207.517
49002.872,54526.163,-15158.22,57987.97
80690.922,51617.806,-7183.746,84609.918
-60577.311,55817.919,508.78,98001.645
23847.346,68389.473,24565.841,83818.864
30717.855,49529.544,92802.815,98799.54
48766.681,34499.864,5655.064,56964.784
-45211.765,46063.003,3794.307,89105.383
81122.349,57367.115,9884.314,62224.306
59079.388,45298.325,-1639.495,63773.63
104862.195,64891.412,1118.176,98429.51
91009.777,55530.796,-7539.119,91371.149
99380.324,51972.626,5504.258,90256.485
31501.337,37061.703,-14733.907,57526.588
4816.989,28391.134,716.109,59826.665
45486.395,-7567.396,8162.527,93244.37
67754.21,43025.279,7319.566,65762.394
60367.264,65031.612,-36376.873,91569.672
47456.268,35764.553,-21035.088,81080.162
30200.896,54758.673,-12520.322,98412.923
27916.913,51361.514,-26119.594,51028.327
5498.223,56009.126,-20634.44,52877.963
33361.587,20878.158,-30695.087,91531.545
43365.25,116243.875,4670.807,84732.671
82553.95,67537.351,5085.094,74800.362
36962.547,54268.83,-41757.957,72804.858
-6161.008,13340.04,9354.02,77217.885
54459.131,29488.421,-10079.332,83403.303
99174.26,44626.767,4380.593,98520.022
-561.177,77633.491,-33937.481,87323.952
16373.113,43503.181,-24730.678,58605.305
34355.153,-21080.058,14768.955,95012.714
7277.921,53755.102,64560.571,73733.741
43752.992,36593.483,-22581.674,78094.296
56592.422,44875.379,-1814.702,61885.315
23948.167,45194.763,-34421.264,61527.799
5386.664,22834.259,-728.049,66258.003
63192.764,48516.955,-5652.191,68681.393
16664.236,11864.662,-9700.768,74922.75
67477.091,47456.07,14458.785,59288.148
68566.996,51468.265,4243.071,61208.831
-9641.503,4385.264,18042.178,93504.639
39668.719,39484.555,-6230.416,54768.062
-75.123,92804.189,22789.69,67315.975
45238.915,57384.79,-13590.224,49797.382
59352.643,75956.204,3919.342,61183.677
17553.843,62012.853,-5644.073,67324.534
97034.739,60354.117,-922.581,88105.391
61779.542,69698.106,-32217.634,93489.125
76222.591,56591.349,4230.712,63753.6
77680.915,60391.464,8968.667,58897.668
13538.287,15079.467,4263.967,60869.923
32854.431,33564.794,-31649.5,79292.165
57507.545,58148.664,-45901.319,93613.537
93720.537,48347.476,-1264.202,94990.302
41376.92,62809.198,915.852,70999.352
31867.547,23406.173,39375.024,72644.761
-24584.742,53756.664,9675.078,54904.009
25558.51,35687.295,-30021.08,68245.419
29755.366,51388.72,-48157.745,74877.426
102864.683,55527.797,201.928,95488.109
52787.324,89544.893,-21052.291,93178.505
50338.462,110645.13,1586.483,89191.009
53601.404,45639.43,185725.686,52665.108
77021.636,56905.961,-6941.91,75410.623
73087.877,63386.658,1968.317,64300.062
-44521.978,51385.24,-9437.693,96325.536
-25193.577,44571.672,28687.528,79515.61
51939.568,68243.399,-15021.657,64998.532
28963.59,6470.345,16420.723,63722.295
21320.995,72061.354,-27792.149,53724.213
26267.78,42117.29,-32854.01,65357.535
32601.51,62111.168,7658.639,86805.536
84929.584,68661.478,94.18,83290.79
25401.926,28899.18,-18919.363,63775.6
55744.071,43167.41,-35170.001,96099.692
76440.221,57325.007,13090.744,57014.308
-18643.96,53207.083,2158.184,57029.563
104377.787,60848.231,9604.563,85415.429
47216.532,58150.616,-15498.442,52917.402
25227.707,36368.213,-37058.495,74271.026
-21696.963,58205.942,2992.528,54249.664
-48058.969,57239.345,17707.755,78733.594
73689.219,40727.73,1017.835,80296.698
-499.006,38582.002,-15613.915,71281.847
97293.861,51078.816,-1131.744,95700.39
94253.301,58257.104,9352.386,74997.207
13614.811,82409.434,-16640.113,60626.598
14079.202,42633.747,46208.478,59701.861
39495.337,55657.027,-29464.643,61655.984
25247.252,33329.226,-42055.616,82326.812
46633.501,25995.439,7059.204,61931.923
35214.579,4219.008,7937.3,71411.465
-28851.175,54945.401,9661.514,57995.241
48602.664,-7540.977,9817.682,94679.298
57239.46,41062.115,-26637.833,91168.484
57136.65,103773.465,-6735.539,97439.512
5531.984,57220.527,13609.661,80394.622
-26476.844,47197.794,-6292.973,79323.178
53308.513,55014.6,10556.789,89570.728
59973.701,41802.007,3510.457,63014.393
67101.53,25185.514,8493.815,81775.425
82923.405,45831.006,10198.225,75247.288
27614.681,109215.306,-6307.706,72931.663
63891.43,66042.673,-5358.457,65086.427
27098.576,49519.346,1587.321,92319.055
34166.478,46716.967,-53429.067,89231.638
36191.092,72242.229,8673.418,67591.432
104645.572,82190.959,128315.382,84916.549
45233.251,34741.856,3654.797,55189.809
57507.418,45428.96,3667.795,56764.091
37255.449,45380.643,-30634.321,70862.209
58796.706,29866.337,-12210.206,89493.768
55914.139,6397.789,7563.521,90305.92
21429.445,-1284.758,-20848.053,94454.348
28641.39,61412.128,-55099.208,74946.959
66114.337,30347.13,3177.405,80942.869
55429.929,105887.648,13507.837,81074.557
32402.941,-2008.859,-8399.719,91164.553
70293.499,49839.114,-15694.92,84502.461
58899.079,35953.805,7632.321,63666.011
14326.851,46967.823,52700.011,61611.551
60169.163,56915.436,-15849.703,67456.484
-61141.159,55928.633,9675.537,89287.974
34642.061,12199.889,46510.932,93761.473
60279.74,29031.216,15897.081,71954.005
42430.633,47793.261,-7611.972,50602.374
55919.011,95484.761,7599.162,73598.45
48193.197,16467.801,18092.117,74626.284
73115.402,23443.979,4296.827,93728.014
23917.715,5662.266,-12445.33,79053.836
53951.836,55600.609,-27516.811,74221.093
92775.126,65231.04,5335.591,82464.437
34449.071,43851.787,9462.358,80168.284
35318.522,29640.592,36292.798,66779.244
63449.472,52768.051,15713.354,51203.094
-8539.481,28851.335,3622.949,69816.165
23954.692,17083.677,307.564,54916.485
111.032,37222.314,28016.373,60889.207
25842.227,62105.432,-428.026,97064.653
17914.178,29686.741,-27016.07,73166.216
8011.628,56401.022,10773.459,62765.889
41134.303,118882.853,4747.863,85063.146
31331.671,56887.1,4315.518,57397.243
32713.552,32825.827,-9027.449,57268.213
58365.747,37517.814,9513.183,59687.794
29442.552,38.247,-10116.982,87874.631
44205.879,23782.686,7899.233,60877.137
71337.75,54177.685,13941.977,55910.375
8501.738,13839.512,7441.358,63968.384
-7555.189,50517.177,-594.988,51383.976
92350.32,57075.802,-2753.855,86381.403
30936.82,-6803.679,3963.453,82130.32
24205.386,17293.115,18506.23,50226.868
42984.198,46687.784,38747.8,59852.648
35318.436,52429.876,-67479.042,98720.806
62595.698,57064.481,-1417.593,55301.851
26629.79,36873.375,36046.83,50611.633
105674.844,60353.241,625.131,95196.829
84571.972,50176.443,-7367.629,90116.266
171645.932,42673.623,-28413.701,85072.721
56547.702,32450.313,16267.562,65173.376
-8468.579,87327.085,-26094.504,97082.05
92943.338,62832.176,9243.827,76325.533
49320.701,32382.198,-33289.126,98580.738
72148.5,57688.255,16988.253,56256.839
54910.176,39032.064,23708.072,64394.563
10691.133,4010.989,-6534.889,85584.015
-29138.677,41289.678,-1273.89,82873.836
83949.537,44577.016,33147.801,97328.662
29446.883,28343.984,-24662.988,74118.958
37223.347,52457.019,-46061.899,79181.283
50044.741,24528.571,-4594.956,78464.184
31444.862,25555.922,-24004.751,78246.719
28780.57,26659.944,48133.149,75062.488
45695.126,28910.174,-3565.236,68703.216
28777.61,8295.955,-25872.243,94707.047
44676.717,41690.384,855.834,50483.777
40901.995,46368.93,-24083.487,66969.626
-20373.914,92948.969,1978.64,86536.094
30554.606,-2265.074,15590.32,73218.335
88310.454,43602.755,18582.353,88098.43
73557.33,73282.269,-9602.647,86236.141
65480.919,52863.976,8747.073,52222.911
87214.266,46745.889,94.265,88727.288
44771.874,-6521.912,6150.698,93496.176
83108.865,49632.165,13158.715,71443.841
-8957.722,48847.587,31332.523,61648.978
-25557.961,57898.617,1277.613,60132.607
-3421.507,42218.128,378.405,54575.886
-26607.45,52697.315,7892.228,59768.78
61008.307,65815.719,200.503,56417.403
67018.008,25009.876,-5485.351,95846.543
27949.655,51993.743,-7477.632,94372.49
27207.734,50156.997,-10288.468,90149.121
45433.273,13533.729,30454.869,87162.888
45170.616,38253.378,-28578.207,83848.542
46100.134,35224.06,2900.46,56328.773
47090.824,14996.749,-690.795,81138.157
-24810.079,41414.075,31935.72,85537.951
30928.623,118179.77,-10448.05,89350.672
98636.991,45722.903,3445.445,97821.671
9199.26,49795.41,8700.369,92461.4
37332.007,20872.518,-1645.233,66457.859
105062.647,51055.72,15784.196,94599.454
106766.775,54695.421,9165.114,91259.324
58980.393,52355.501,-13644.867,68622.901
38857.496,4119.882,-12123.209,95213.952
57492.439,45944.458,-30696.754,90597.954
53544.696,92751.231,-10082.011,86172.541
95610.065,63153.371,7234.298,81323.281
26031.58,57221.497,22169.91,62891.889
33789.892,50598.609,9393.755,64875.271
33528.608,40312.958,-23537.39,65106.097
70179.784,52992.131,-9984.734,75525.429
28252.222,85706.025,-9826.149,53578.239
30949.614,51226.638,-30416.385,58492.679
28140.826,18441.98,3241.525,54810.399
38938.401,46673.062,-16470.515,57089.005
7313.127,66860.979,-20360.806,55100.458
61457.327,85179.838,-19760.738,96191.805
37541.503,26207.104,-620.883,60308.415
82652.882,61069.45,-2998.275,76514.465
84754.507,26878.374,15815.646,98500.105
46449.198,22233.02,126.502,72442.749
47108.849,54311.762,4603.421,78125.64
59671.464,56179.542,-1049.869,52895.075
12899.014,45939.093,-28061.955,62974.722
29583.654,-10940.382,-4182.477,93059.542
-24425.961,65722.279,4456.978,60882.952
31258.301,12151.34,16579.439,60494.748
-46593.872,50431.674,-6402.133,96315.218
40876.847,13502.296,-6134.838,81862.639
80793.866,56524.469,7331.993,65290.454
-39916.691,72954.338,4189.516,83873.287
70620.217,79061.504,-1837.151,81313.424
25534.961,52606.253,7371.303,65163.184
2931.897,52852.282,-44262.925,82229.822
36425.835,35938.235,-9900.655,58741.316
-25637.195,57260.644,154.232,61973.36
74869.596,50247.389,311.308,72663.998
32617.342,-2147.641,10769.54,72348.627
61238.536,57214.817,-2202.321,54579.078
93046.189,57406.463,8993.899,74999.007
100657.781,62488.999,1202.007,91738.684
30651.383,112180.775,-17923.09,90549.117
77523.793,45108.8,39990.218,97213.595
45851.939,68649.002,-13572.997,57868.122
51236.887,47281.891,-485.88,52793.91
24396.433,8825.452,7322.51,56601.724
30071.411,52901.592,59169.563,61147.938
53375.894,58043.638,-11913.001,55598.285
37668.2,9389.394,25790.705,78877.891
41636.614,29584.363,-14202.927,74608.448
72680.852,58075.348,23590.487,63004.344
65482.529,52903.19,8969.335,51963.269
35048.332,28026.789,-12065.159,67439.807
37716.629,5196.298,-8413.733,89287.102
4930.103,33188.798,-16285.873,71917.845
38269.266,128917.571,14123.376,87559.461
49077.073,41736.516,-23508.635,79202.309
64311.424,53249.322,-747.221,60162.693
56997.283,22991.768,7076.835,75281.804
29975.954,29160.489,-15375.102,64543.686
53891.543,63153.784,27097.644,50392.283
33430.485,57233.551,8917.351,76299.611
31391.247,23021.09,3335.607,53387.583
54532.721,62240.703,-29241.322,75808.586
59802.659,19954.41,8523.343,79677.966
83786.079,51750.792,12907.178,69750.852
76055.354,61796.864,3626.955,64019.202
80949.484,75558.346,6271.762,80029.957
10104.921,87650.446,-5039.635,57776.845
23730.444,106476.909,8079.075,51922.127
54466.514,46700.393,5771.218,50348.115
100243.379,64795.214,7698.013,87134.653
35461.757,20646.393,17105.188,56729.086
-51935.556,66226.598,4628.741,88725.137
63770.403,56940.673,22230.313,53868.372
54887.118,43573.795,-2626.904,62293.456
27417.866,40126.978,-36874.3,72518.34
79361.561,50233.42,5814.51,71666.834
33591.947,54391.815,4292.771,84790.216
23970.862,56563.264,1013.121,55458.648
25818.864,12631.135,-6723.305,68264.137
-51799.061,45098.184,6995.682,93456.4
66319.831,52432.043,5256.355,56984.488
27556.044,44269.221,13432.098,92574.249
8592.02,34816.791,457.112,49885.139
36839.695,30897.491,33858.324,64608.854
-42955.238,46979.036,5320.448,84406.774
59762.905,44614.091,-23564.237,87066.179
38969.222,46826.837,-26231.146,66726.579
35949.195,39131.247,-29334.239,74505.239
94204.643,57416.166,10737.365,74404.335
31711.402,128235.134,6835.754,82905.155
93404.49,44289.564,7938.223,89529.844
-30419.365,43872.213,-9033.956,89332.049
24745.255,52636.208,67414.118,64331.792
36408.574,46122.722,-26626.227,65265.172
28904.572,18294.687,-4114.905,63077.832
-23124.036,38138.649,3316.324,75420.428
90904.503,61062.546,-240.417,82001.32
65981.564,43991.814,8452.449,61890.349
83377.842,54981.492,9019.43,67729.992
88734.526,62455.573,9399.072,71584.933
-26123.211,48639.951,22404.99,70094.704
75583.955,46317.994,5670.485,71948.569
39170.276,21604.129,8281.064,57638.885
79450.055,44910.655,9300.061,73592.372
64857.89,46727.347,1930.818,64552.848
40238.098,21481.163,180.84,66929.145
74675.686,37349.378,-7897.799,93577.143
34587.289,45377.937,-14390.291,51952.671
2403.474,32232.674,7167.244,51947.481
1695.033,15004.125,-17518.836,94570.559
-21005.254,67734.574,52.752,63878.821
72343.376,53481.053,10630.365,56585.071
37617.588,92358.114,-2916.725,62686.405
